Plot the training accuracy and testing accuracy as a func-
tion of C (C value on x-axis and Accuracy on y-axis) { one curve each for training,
validation, and testing data. List your observations.
-t 0 linear kernel
-c [10-4 -3 -2 -1 1 10 100 1000 10000]
c,train,test
0.0001,.621,.59
0.001,.621,.59
0.01,.949,.89
0.1,.967,.92
1,.976,.93
10,.979,.92
100,.976,.910
1000,.976,.910
10000,.976,.910

b.
-t 1 -d poly degree 2, 3, 4 
-c [10-4 -3 -2 -1 1 10 100 1000 10000]
degree2
0.0001,.621,.59
0.001,.946,.90
0.01,.970,.93
0.1,.982,.95
1,.997,.92
10,.997,.93
100,.997,.93
1000,.997,.93
10000,.997,.93

degree3
0.0001,.940,.89
0.001,.976,.92
0.01,.988,.95
0.1,.997,.93
1,.997,.93
10,.997,.93
100,.997,.93
1000,.997,.93
10000,.997,.93

degree4
0.0001,.979,.93
0.001,.988,.95
0.01,.997,.93
0.1,.997,.93
1,.997,.93
10,.997,.93
100,.997,.93
1000,.997,.93
10000,.997,.93